1 
125.8698 109.0713 90.2596 113.8142 
158.7046 137.6108 113.8087 143.5360 
163.7370 141.9848 117.4178 148.0912 
164.4303 142.5873 117.9150 148.7187 
164.5244 142.6691 117.9824 148.8038 
164.5371 142.6801 117.9916 148.8154 
164.5388 142.6816 117.9928 148.8169 
164.5391 142.6818 117.9930 148.8171 
164.5391 142.6819 117.9930 148.8172 
164.5391 142.6819 117.9930 148.8172 
164.5391 142.6819 117.9930 148.8172 
164.5391 142.6819 117.9930 148.8172 
164.5391 142.6819 117.9930 148.8172 
164.5391 142.6819 117.9930 148.8172 
164.5391 142.6819 117.9930 148.8172 
164.5391 142.6819 117.9930 148.8172 
164.5391 142.6819 117.9930 148.8172 
164.5391 142.6819 117.9930 148.8172 
164.5391 142.6819 117.9930 148.8172 
164.5391 142.6819 117.9930 148.8172 
164.5391 142.6819 117.9930 148.8172 
164.5391 142.6819 117.9930 148.8172 
164.5391 142.6819 117.9930 148.8172 
164.5391 142.6819 117.9930 148.8172 
164.5391 142.6819 117.9930 148.8172 
164.5391 142.6819 117.9930 148.8172 
164.5391 142.6819 117.9930 148.8172 
164.5391 142.6819 117.9930 148.8172 
164.5391 142.6819 117.9930 148.8172 
164.5391 142.6819 117.9930 148.8172 
164.5391 142.6819 117.9930 148.8172 
164.5391 142.6819 117.9930 148.8172 
164.5391 142.6819 117.9930 148.8172 
164.5391 142.6819 117.9930 148.8172 
164.5391 142.6819 117.9930 148.8172 
164.5391 142.6819 117.9930 148.8172 
164.5391 142.6819 117.9930 148.8172 
164.5391 142.6819 117.9930 148.8172 
164.5391 142.6819 117.9930 148.8172 
164.5391 142.6819 117.9930 148.8172 
164.5391 142.6819 117.9930 148.8172 
164.5391 142.6819 117.9930 148.8172 
164.5391 142.6819 117.9930 148.8172 
164.5391 142.6819 117.9930 148.8172 
164.5391 142.6819 117.9930 148.8172 
164.5391 142.6819 117.9930 148.8172 
164.5391 142.6819 117.9930 148.8172 
164.5391 142.6819 117.9930 148.8172 
164.5391 142.6819 117.9930 148.8172 
164.5391 142.6819 117.9930 148.8172 
164.5391 142.6819 117.9930 148.8172 
164.5391 142.6819 117.9930 148.8172 
164.5391 142.6819 117.9930 148.8172 
164.5391 142.6819 117.9930 148.8172 
164.5391 142.6819 117.9930 148.8172 
164.5391 142.6819 117.9930 148.8172 
164.5391 142.6819 117.9930 148.8172 
164.5391 142.6819 117.9930 148.8172 
164.5391 142.6819 117.9930 148.8172 
164.5391 142.6819 117.9930 148.8172 
164.5391 142.6819 117.9930 148.8172 
164.5391 142.6819 117.9930 148.8172 
164.5391 142.6819 117.9930 148.8172 
164.5391 142.6819 117.9930 148.8172 
164.5391 142.6819 117.9930 148.8172 
164.5391 142.6819 117.9930 148.8172 
164.5391 142.6819 117.9930 148.8172 
164.5391 142.6819 117.9930 148.8172 
164.5391 142.6819 117.9930 148.8172 
164.5391 142.6819 117.9930 148.8172 
164.5391 142.6819 117.9930 148.8172 
164.5391 142.6819 117.9930 148.8172 
164.5391 142.6819 117.9930 148.8172 
164.5391 142.6819 117.9930 148.8172 
164.5391 142.6819 117.9930 148.8172 
164.5391 142.6819 117.9930 148.8172 
164.5391 142.6819 117.9930 148.8172 
164.5391 142.6819 117.9930 148.8172 
164.5391 142.6819 117.9930 148.8172 
164.5391 142.6819 117.9930 148.8172 
164.5391 142.6819 117.9930 148.8172 
164.5391 142.6819 117.9930 148.8172 
164.5391 142.6819 117.9930 148.8172 
164.5391 142.6819 117.9930 148.8172 
164.5391 142.6819 117.9930 148.8172 
164.5391 142.6819 117.9930 148.8172 
164.5391 142.6819 117.9930 148.8172 
164.5391 142.6819 117.9930 148.8172 
164.5391 142.6819 117.9930 148.8172 
164.5391 142.6819 117.9930 148.8172 
164.5391 142.6819 117.9930 148.8172 
164.5391 142.6819 117.9930 148.8172 
164.5391 142.6819 117.9930 148.8172 
164.5391 142.6819 117.9930 148.8172 
164.5391 142.6819 117.9930 148.8172 
164.5391 142.6819 117.9930 148.8172 
164.5391 142.6819 117.9930 148.8172 
164.5391 142.6819 117.9930 148.8172 
164.5391 142.6819 117.9930 148.8172 
164.5391 142.6819 117.9930 148.8172 
164.5391 142.6819 117.9930 148.8172 
164.5391 142.6819 117.9930 148.8172 
164.5391 142.6819 117.9930 148.8172 
164.5391 142.6819 117.9930 148.8172 
164.5391 142.6819 117.9930 148.8172 
164.5391 142.6819 117.9930 148.8172 
164.5391 142.6819 117.9930 148.8172 
164.5391 142.6819 117.9930 148.8172 
164.5391 142.6819 117.9930 148.8172 
164.5391 142.6819 117.9930 148.8172 
164.5391 142.6819 117.9930 148.8172 
164.5391 142.6819 117.9930 148.8172 
164.5391 142.6819 117.9930 148.8172 
164.5391 142.6819 117.9930 148.8172 
164.5391 142.6819 117.9930 148.8172 
164.5391 142.6819 117.9930 148.8172 
164.5391 142.6819 117.9930 148.8172 
164.5391 142.6819 117.9930 148.8172 
164.5391 142.6819 117.9930 148.8172 
164.5391 142.6819 117.9930 148.8172 
164.5391 142.6819 117.9930 148.8172 
164.5391 142.6819 117.9930 148.8172 
164.5391 142.6819 117.9930 148.8172 
164.5391 142.6819 117.9930 148.8172 
164.5391 142.6819 117.9930 148.8172 
164.5391 142.6819 117.9930 148.8172 
164.5391 142.6819 117.9930 148.8172 
164.5391 142.6819 117.9930 148.8172 
164.5391 142.6819 117.9930 148.8172 
164.5391 142.6819 117.9930 148.8172 
164.5391 142.6819 117.9930 148.8172 
164.5391 142.6819 117.9930 148.8172 
164.5391 142.6819 117.9930 148.8172 
164.5391 142.6819 117.9930 148.8172 
164.5391 142.6819 117.9930 148.8172 
164.5391 142.6819 117.9930 148.8172 
164.5391 142.6819 117.9930 148.8172 
164.5391 142.6819 117.9930 148.8172 
164.5391 142.6819 117.9930 148.8172 
164.5391 142.6819 117.9930 148.8172 
164.5391 142.6819 117.9930 148.8172 
164.5391 142.6819 117.9930 148.8172 
164.5391 142.6819 117.9930 148.8172 
164.5391 142.6819 117.9930 148.8172 
164.5391 142.6819 117.9930 148.8172 
164.5391 142.6819 117.9930 148.8172 
164.5391 142.6819 117.9930 148.8172 
164.5391 142.6819 117.9930 148.8172 
164.5391 142.6819 117.9930 148.8172 
164.5391 142.6819 117.9930 148.8172 
164.5391 142.6819 117.9930 148.8172 
164.5391 142.6819 117.9930 148.8172 
164.5391 142.6819 117.9930 148.8172 
164.5391 142.6819 117.9930 148.8172 
164.5391 142.6819 117.9930 148.8172 
164.5391 142.6819 117.9930 148.8172 
164.5391 142.6819 117.9930 148.8172 
164.5391 142.6819 117.9930 148.8172 
164.5391 142.6819 117.9930 148.8172 
164.5391 142.6819 117.9930 148.8172 
164.5391 142.6819 117.9930 148.8172 
164.5391 142.6819 117.9930 148.8172 
164.5391 142.6819 117.9930 148.8172 
164.5391 142.6819 117.9930 148.8172 
164.5391 142.6819 117.9930 148.8172 
164.5391 142.6819 117.9930 148.8172 
164.5391 142.6819 117.9930 148.8172 
164.5391 142.6819 117.9930 148.8172 
164.5391 142.6819 117.9930 148.8172 
164.5391 142.6819 117.9930 148.8172 
164.5391 142.6819 117.9930 148.8172 
164.5391 142.6819 117.9930 148.8172 
164.5391 142.6819 117.9930 148.8172 
164.5391 142.6819 117.9930 148.8172 
164.5391 142.6819 117.9930 148.8172 
164.5391 142.6819 117.9930 148.8172 
164.5391 142.6819 117.9930 148.8172 
164.5391 142.6819 117.9930 148.8172 
164.5391 142.6819 117.9930 148.8172 
